-2.664296 4.138233 -2.928163 2.297961 -3.192031 0.457690 -3.455899 -1.382581 -3.719766 -3.222853 -2.123751 -3.451698 -0.527735 -3.680543 1.068280 -3.909388 2.664296 -4.138233 2.928163 -2.297961 3.192031 -0.457690 3.455899 1.382581 3.719766 3.222853 2.123751 3.451698 0.527735 3.680543 -1.068280 3.909388 
*
301.539675
97.852299
45.178749
37.340905
*
-0.236376 -0.217624 0.257015 0.111928 
-0.186284 0.214128 0.135399 -0.287980 
-0.125340 -0.223365 0.218451 0.017703 
-0.194529 0.116775 0.027865 -0.247754 
-0.014305 -0.229106 0.179888 -0.076521 
-0.202773 0.019421 -0.079668 -0.207528 
0.096731 -0.234846 0.141324 -0.170746 
-0.211018 -0.077932 -0.187202 -0.167302 
0.207766 -0.240587 0.102761 -0.264971 
-0.219263 -0.175285 -0.294736 -0.127075 
0.214919 -0.126034 0.012817 -0.226710 
-0.117876 -0.184996 -0.254901 -0.023311 
0.222071 -0.011482 -0.077127 -0.188449 
-0.016489 -0.194707 -0.215067 0.080453 
0.229223 0.103071 -0.167071 -0.150189 
0.084897 -0.204417 -0.175233 0.184216 
0.236376 0.217624 -0.257015 -0.111928 
0.186284 -0.214128 -0.135399 0.287980 
0.125340 0.223365 -0.218451 -0.017703 
0.194529 -0.116775 -0.027865 0.247754 
0.014305 0.229106 -0.179888 0.076521 
0.202773 -0.019421 0.079668 0.207528 
-0.096731 0.234846 -0.141324 0.170746 
0.211018 0.077932 0.187202 0.167302 
-0.207766 0.240587 -0.102761 0.264971 
0.219263 0.175285 0.294736 0.127075 
-0.214919 0.126034 -0.012817 0.226710 
0.117876 0.184996 0.254901 0.023311 
-0.222071 0.011482 0.077127 0.188449 
0.016489 0.194707 0.215067 -0.080453 
-0.229223 -0.103071 0.167071 0.150189 
-0.084897 0.204417 0.175233 -0.184216 
