4.323830 4.323830 2.161915 4.323830 0.000000 4.323830 -2.161915 4.323830 -4.323830 4.323830 -4.323830 2.161915 -4.323830 0.000000 -4.323830 -2.161915 -4.323830 -4.323830 -2.161915 -4.323830 0.000000 -4.323830 2.161915 -4.323830 4.323830 -4.323830 4.323830 -2.161915 4.323830 0.000000 4.323830 2.161915 
*
164.859102
*
0.213201 
0.213201 
0.106600 
0.213201 
0.000000 
0.213201 
-0.106600 
0.213201 
-0.213201 
0.213201 
-0.213201 
0.106600 
-0.213201 
-0.000000 
-0.213201 
-0.106600 
-0.213201 
-0.213201 
-0.106600 
-0.213201 
-0.000000 
-0.213201 
0.106600 
-0.213201 
0.213201 
-0.213201 
0.213201 
-0.106600 
0.213201 
-0.000000 
0.213201 
0.106600 
